14 Jan 2021, 9:54 PM
807
825
826
829
834
833
829
827
839
837
828
829
843
838
828
836
845
840
830
849
844
838
831
841
859
845
844
858
869
860
843
848
844
832
826
844
829
836
853
868
841
857
871
880
850
844
849
831
819
825
828
831
822
830
843
836
838
841
848
833
826
822
812
798
802
808
814
811
834
853
842
822
820
825
806
803
801
801
799
814
814
841
825
825
823
811
824
846
822
801
805
802
805
792
810
813
819
817
828
840
811
813
818
818
814
827
836
846
836
851
840
831
828
833
831
823
843
837
838
821
823
818
806
802
812
810
804
809
811
808
807
818
821
815
821
818
811
799
805
810
805
804
803
809
802
825
829
827
812
825
831
831
825
840
846
836
832
836
833
824
833
850
862
844
849
853
834
830
833
826
805
804
798
807
808
814
809
808
807
792
782
785
768
773
760
766
755
758
781
770
781
788
766
778
754
770
760
778
772
761
739
757
763
748
738
756
742
746
735
764
839
822
812
840
841
826
838
837
846
847
844
825
815
831
815
794
806
788
810
814
809
800
799
813
810
828
836
838
859
847
851
843
849
841
839
835
831
830
826
823
815
811
809
809
805
818
819
807
813
813
818
813
804
803
814
800
787
792
783
769
767
768
755
770
779
793
785
782
792
793
788
780
782
777
770
773
780
770
767
780
784
790
783
788
804
804
792
801
795
789

